<<<<<<< Updated upstream
=======
[0m [0m [38;2;255;255;255m[48;2;255;255;255m▄[38;2;255;255;255m[48;2;255;255;255m▄[38;2;255;255;255m[48;2;255;255;255m▀[38;2;255;255;255m[48;2;255;255;255m▀[38;2;255;255;255m[48;2;255;255;255m▀[38;2;255;255;255m[48;2;255;255;255m▀[38;2;255;255;255m[48;2;255;255;255m▀[38;2;255;255;255m[48;2;255;255;255m▀[38;2;255;255;255m[48;2;255;255;255m▀[38;2;255;255;255m[48;2;255;255;255m▀[38;2;255;255;255m[48;2;255;255;255m▀[38;2;255;255;255m[48;2;255;255;255m▀[38;2;255;255;255m[48;2;255;255;255m▀[38;2;255;255;255m[48;2;255;255;255m▀[38;2;255;255;255m[48;2;255;255;255m▀[38;2;255;255;255m[48;2;255;255;255m▀[38;2;255;255;255m[48;2;255;255;255m▀[38;2;255;255;255m[48;2;255;255;255m▀[38;2;255;255;255m[48;2;255;255;255m▀[38;2;255;255;255m[48;2;255;255;255m▀[38;2;255;255;255m[48;2;255;255;255m▀[38;2;255;255;255m[48;2;255;255;255m▀[38;2;255;255;255m[48;2;255;255;255m▀[38;2;255;255;255m[48;2;255;255;255m▀[38;2;255;255;255m[48;2;255;255;255m▀[38;2;255;255;255m[48;2;255;255;255m▀[38;2;255;255;255m[48;2;255;255;255m▄[38;2;255;255;255m[48;2;255;255;255m▄[0m [0m 
[0m [38;2;59;59;59m[48;2;208;208;208m▀[38;2;240;240;240m[48;2;255;255;255m▀[38;2;255;255;255m[48;2;247;247;247m▀[38;2;251;251;251m[48;2;251;251;251m▀[38;2;251;251;251m[48;2;252;252;252m▀[38;2;253;253;253m[48;2;255;255;255m▀[38;2;253;253;253m[48;2;255;255;255m▀[38;2;253;253;253m[48;2;255;255;255m▀[38;2;253;253;253m[48;2;254;254;254m▀[38;2;251;251;251m[48;2;255;255;255m▀[38;2;251;251;251m[48;2;255;255;255m▀[38;2;251;251;251m[48;2;255;255;255m▀[38;2;249;249;249m[48;2;255;255;255m▀[38;2;250;250;250m[48;2;255;255;255m▀[38;2;250;250;250m[48;2;255;255;255m▀[38;2;253;253;253m[48;2;255;255;255m▀[38;2;253;253;253m[48;2;255;255;255m▀[38;2;253;253;253m[48;2;254;254;254m▀[38;2;251;251;251m[48;2;255;255;255m▀[38;2;249;249;249m[48;2;255;255;255m▀[38;2;249;249;249m[48;2;255;255;255m▀[38;2;251;251;251m[48;2;255;255;255m▀[38;2;253;253;253m[48;2;255;255;255m▀[38;2;253;253;253m[48;2;255;255;255m▀[38;2;253;253;253m[48;2;255;255;255m▀[38;2;251;251;251m[48;2;253;253;253m▀[38;2;251;251;251m[48;2;251;251;251m▀[38;2;254;254;254m[48;2;249;249;249m▀[38;2;255;255;255m[48;2;252;252;252m▀[38;2;107;107;107m[48;2;244;244;244m▀[0m 
[38;2;255;255;255m[48;2;255;255;255m▀[38;2;255;255;255m[48;2;244;244;244m▀[38;2;252;252;252m[48;2;140;140;140m▀[38;2;255;255;255m[48;2;116;116;116m▀[38;2;255;255;255m[48;2;117;117;117m▀[38;2;255;255;255m[48;2;176;176;176m▀[38;2;253;253;253m[48;2;253;253;253m▀[38;2;254;254;254m[48;2;252;252;252m▀[38;2;255;255;255m[48;2;255;255;255m▀[38;2;255;255;255m[48;2;195;195;195m▀[38;2;238;238;238m[48;2;22;22;22m▀[38;2;235;235;235m[48;2;12;12;12m▀[38;2;224;224;224m[48;2;9;9;9m▀[38;2;142;142;142m[48;2;1;1;1m▀[38;2;93;93;93m[48;2;0;0;0m▀[38;2;177;177;177m[48;2;13;13;13m▀[38;2;255;255;255m[48;2;216;216;216m▀[38;2;253;253;253m[48;2;255;255;255m▀[38;2;255;255;255m[48;2;188;188;188m▀[38;2;231;231;231m[48;2;16;16;16m▀[38;2;171;171;171m[48;2;1;1;1m▀[38;2;166;166;166m[48;2;0;0;0m▀[38;2;235;235;235m[48;2;81;81;81m▀[38;2;255;255;255m[48;2;255;255;255m▀[38;2;253;253;253m[48;2;251;251;251m▀[38;2;253;253;253m[48;2;255;255;255m▀[38;2;255;255;255m[48;2;201;201;201m▀[38;2;255;255;255m[48;2;124;124;124m▀[38;2;255;255;255m[48;2;115;115;115m▀[38;2;251;251;251m[48;2;129;129;129m▀[38;2;255;255;255m[48;2;211;211;211m▀[38;2;255;255;255m[48;2;255;255;255m▀
[38;2;255;255;255m[48;2;255;255;255m▀[38;2;58;58;58m[48;2;33;33;33m▀[38;2;0;0;0m[48;2;0;0;0m▀[38;2;2;2;2m[48;2;6;6;6m▀[38;2;1;1;1m[48;2;6;6;6m▀[38;2;0;0;0m[48;2;4;4;4m▀[38;2;88;88;88m[48;2;0;0;0m▀[38;2;239;239;239m[48;2;50;50;50m▀[38;2;255;255;255m[48;2;145;145;145m▀[38;2;103;103;103m[48;2;37;37;37m▀[38;2;0;0;0m[48;2;0;0;0m▀[38;2;4;4;4m[48;2;3;3;3m▀[38;2;0;0;0m[48;2;2;2;2m▀[38;2;4;4;4m[48;2;5;5;5m▀[38;2;7;7;7m[48;2;0;0;0m▀[38;2;5;5;5m[48;2;55;55;55m▀[38;2;198;198;198m[48;2;245;245;245m▀[38;2;255;255;255m[48;2;255;255;255m▀[38;2;118;118;118m[48;2;121;121;121m▀[38;2;0;0;0m[48;2;0;0;0m▀[38;2;9;9;9m[48;2;6;6;6m▀[38;2;0;0;0m[48;2;0;0;0m▀[38;2;42;42;42m[48;2;9;9;9m▀[38;2;250;250;250m[48;2;135;135;135m▀[38;2;255;255;255m[48;2;85;85;85m▀[38;2;129;129;129m[48;2;0;0;0m▀[38;2;2;2;2m[48;2;2;2;2m▀[38;2;0;0;0m[48;2;5;5;5m▀[38;2;2;2;2m[48;2;6;6;6m▀[38;2;0;0;0m[48;2;5;5;5m▀[38;2;16;16;16m[48;2;2;2;2m▀[38;2;255;255;255m[48;2;255;255;255m▀
[38;2;255;255;255m[48;2;255;255;255m▀[38;2;119;119;119m[48;2;237;237;237m▀[38;2;0;0;0m[48;2;28;28;28m▀[38;2;6;6;6m[48;2;0;0;0m▀[38;2;1;1;1m[48;2;6;6;6m▀[38;2;2;2;2m[48;2;2;2;2m▀[38;2;3;3;3m[48;2;3;3;3m▀[38;2;0;0;0m[48;2;6;6;6m▀[38;2;0;0;0m[48;2;5;5;5m▀[38;2;1;1;1m[48;2;2;2;2m▀[38;2;1;1;1m[48;2;1;1;1m▀[38;2;1;1;1m[48;2;4;4;4m▀[38;2;2;2;2m[48;2;0;0;0m▀[38;2;0;0;0m[48;2;70;70;70m▀[38;2;56;56;56m[48;2;247;247;247m▀[38;2;218;218;218m[48;2;255;255;255m▀[38;2;255;255;255m[48;2;220;220;220m▀[38;2;231;231;231m[48;2;43;43;43m▀[38;2;48;48;48m[48;2;0;0;0m▀[38;2;0;0;0m[48;2;3;3;3m▀[38;2;3;3;3m[48;2;1;1;1m▀[38;2;1;1;1m[48;2;1;1;1m▀[38;2;1;1;1m[48;2;1;1;1m▀[38;2;0;0;0m[48;2;4;4;4m▀[38;2;0;0;0m[48;2;6;6;6m▀[38;2;3;3;3m[48;2;4;4;4m▀[38;2;2;2;2m[48;2;2;2;2m▀[38;2;1;1;1m[48;2;5;5;5m▀[38;2;4;4;4m[48;2;2;2;2m▀[38;2;0;0;0m[48;2;3;3;3m▀[38;2;58;58;58m[48;2;189;189;189m▀[38;2;255;255;255m[48;2;255;255;255m▀
[38;2;255;255;255m[48;2;255;255;255m▀[38;2;255;255;255m[48;2;255;255;255m▀[38;2;188;188;188m[48;2;253;253;253m▀[38;2;12;12;12m[48;2;198;198;198m▀[38;2;0;0;0m[48;2;66;66;66m▀[38;2;1;1;1m[48;2;24;24;24m▀[38;2;0;0;0m[48;2;64;64;64m▀[38;2;0;0;0m[48;2;63;63;63m▀[38;2;1;1;1m[48;2;0;0;0m▀[38;2;1;1;1m[48;2;1;1;1m▀[38;2;1;1;1m[48;2;1;1;1m▀[38;2;3;3;3m[48;2;4;4;4m▀[38;2;0;0;0m[48;2;0;0;0m▀[38;2;158;158;158m[48;2;136;136;136m▀[38;2;255;255;255m[48;2;255;255;255m▀[38;2;255;255;255m[48;2;255;255;255m▀[38;2;112;112;112m[48;2;96;96;96m▀[38;2;0;0;0m[48;2;0;0;0m▀[38;2;6;6;6m[48;2;8;8;8m▀[38;2;1;1;1m[48;2;2;2;2m▀[38;2;1;1;1m[48;2;1;1;1m▀[38;2;1;1;1m[48;2;1;1;1m▀[38;2;1;1;1m[48;2;2;2;2m▀[38;2;1;1;1m[48;2;0;0;0m▀[38;2;1;1;1m[48;2;48;48;48m▀[38;2;0;0;0m[48;2;71;71;71m▀[38;2;0;0;0m[48;2;23;23;23m▀[38;2;1;1;1m[48;2;46;46;46m▀[38;2;0;0;0m[48;2;160;160;160m▀[38;2;139;139;139m[48;2;255;255;255m▀[38;2;255;255;255m[48;2;254;254;254m▀[38;2;255;255;255m[48;2;255;255;255m▀
[38;2;255;255;255m[48;2;255;255;255m▀[38;2;255;255;255m[48;2;255;255;255m▀[38;2;251;251;251m[48;2;253;253;253m▀[38;2;255;255;255m[48;2;252;252;252m▀[38;2;253;253;253m[48;2;254;254;254m▀[38;2;245;245;245m[48;2;255;255;255m▀[38;2;255;255;255m[48;2;255;255;255m▀[38;2;243;243;243m[48;2;249;249;249m▀[38;2;32;32;32m[48;2;42;42;42m▀[38;2;0;0;0m[48;2;0;0;0m▀[38;2;3;3;3m[48;2;3;3;3m▀[38;2;4;4;4m[48;2;6;6;6m▀[38;2;0;0;0m[48;2;0;0;0m▀[38;2;78;78;78m[48;2;74;74;74m▀[38;2;255;255;255m[48;2;255;255;255m▀[38;2;255;255;255m[48;2;255;255;255m▀[38;2;150;150;150m[48;2;253;253;253m▀[38;2;0;0;0m[48;2;157;157;157m▀[38;2;2;2;2m[48;2;69;69;69m▀[38;2;1;1;1m[48;2;26;26;26m▀[38;2;2;2;2m[48;2;0;0;0m▀[38;2;2;2;2m[48;2;3;3;3m▀[38;2;0;0;0m[48;2;0;0;0m▀[38;2;5;5;5m[48;2;9;9;9m▀[38;2;209;209;209m[48;2;220;220;220m▀[38;2;255;255;255m[48;2;255;255;255m▀[38;2;243;243;243m[48;2;254;254;254m▀[38;2;251;251;251m[48;2;255;255;255m▀[38;2;255;255;255m[48;2;252;252;252m▀[38;2;253;253;253m[48;2;255;255;255m▀[38;2;255;255;255m[48;2;255;255;255m▀[38;2;255;255;255m[48;2;255;255;255m▀
[38;2;255;255;255m[48;2;255;255;255m▀[38;2;255;255;255m[48;2;255;255;255m▀[38;2;253;253;253m[48;2;253;253;253m▀[38;2;255;255;255m[48;2;255;255;255m▀[38;2;255;255;255m[48;2;255;255;255m▀[38;2;253;253;253m[48;2;254;254;254m▀[38;2;255;255;255m[48;2;255;255;255m▀[38;2;246;246;246m[48;2;248;248;248m▀[38;2;33;33;33m[48;2;37;37;37m▀[38;2;0;0;0m[48;2;0;0;0m▀[38;2;6;6;6m[48;2;0;0;0m▀[38;2;1;1;1m[48;2;30;30;29m▀[38;2;1;0;0m[48;2;185;186;186m▀[38;2;173;172;172m[48;2;255;255;255m▀[38;2;255;255;255m[48;2;254;254;254m▀[38;2;252;251;250m[48;2;255;255;255m▀[38;2;254;253;253m[48;2;255;255;255m▀[38;2;255;255;255m[48;2;254;255;255m▀[38;2;254;254;253m[48;2;254;254;254m▀[38;2;249;249;248m[48;2;255;255;255m▀[38;2;100;100;100m[48;2;235;234;234m▀[38;2;0;0;0m[48;2;34;33;33m▀[38;2;3;3;3m[48;2;0;0;0m▀[38;2;4;4;4m[48;2;0;0;0m▀[38;2;203;203;203m[48;2;185;185;185m▀[38;2;255;255;255m[48;2;255;255;255m▀[38;2;252;252;252m[48;2;252;252;252m▀[38;2;255;255;255m[48;2;255;255;255m▀[38;2;255;255;255m[48;2;255;255;255m▀[38;2;255;255;255m[48;2;255;255;255m▀[38;2;255;255;255m[48;2;255;255;255m▀[38;2;255;255;255m[48;2;255;255;255m▀
[38;2;255;255;255m[48;2;255;255;255m▀[38;2;255;255;255m[48;2;255;255;255m▀[38;2;253;253;253m[48;2;253;253;253m▀[38;2;255;255;255m[48;2;255;255;255m▀[38;2;255;255;255m[48;2;255;255;255m▀[38;2;255;255;255m[48;2;255;255;255m▀[38;2;254;254;254m[48;2;255;255;255m▀[38;2;255;255;255m[48;2;255;255;255m▀[38;2;150;150;150m[48;2;255;255;255m▀[38;2;42;42;42m[48;2;253;254;254m▀[38;2;114;116;116m[48;2;255;255;254m▀[38;2;234;237;238m[48;2;247;214;204m▀[38;2;255;255;255m[48;2;232;173;156m▀[38;2;247;228;223m[48;2;233;166;147m▀[38;2;245;217;209m[48;2;231;163;144m▀[38;2;244;210;201m[48;2;231;161;142m▀[38;2;244;209;200m[48;2;231;161;142m▀[38;2;244;214;206m[48;2;231;161;143m▀[38;2;247;225;219m[48;2;233;165;146m▀[38;2;249;242;240m[48;2;234;172;155m▀[38;2;255;255;255m[48;2;241;198;187m▀[38;2;156;157;157m[48;2;251;243;241m▀[38;2;0;0;0m[48;2;189;192;193m▀[38;2;16;17;17m[48;2;207;206;206m▀[38;2;212;212;212m[48;2;255;255;255m▀[38;2;255;255;255m[48;2;254;254;254m▀[38;2;253;253;253m[48;2;255;255;255m▀[38;2;255;255;255m[48;2;255;255;255m▀[38;2;255;255;255m[48;2;255;255;255m▀[38;2;255;255;255m[48;2;255;255;255m▀[38;2;255;255;255m[48;2;255;255;255m▀[38;2;255;255;255m[48;2;255;255;255m▀
[38;2;255;255;255m[48;2;255;255;255m▀[38;2;255;255;255m[48;2;255;255;255m▀[38;2;253;253;253m[48;2;253;253;253m▀[38;2;255;255;255m[48;2;255;255;255m▀[38;2;255;255;255m[48;2;255;255;255m▀[38;2;255;255;255m[48;2;255;255;255m▀[38;2;255;255;255m[48;2;255;255;255m▀[38;2;255;254;254m[48;2;255;255;255m▀[38;2;254;255;255m[48;2;255;255;255m▀[38;2;253;245;243m[48;2;239;190;177m▀[38;2;234;180;165m[48;2;232;161;142m▀[38;2;230;159;140m[48;2;233;170;152m▀[38;2;233;166;149m[48;2;233;168;150m▀[38;2;233;169;151m[48;2;233;168;150m▀[38;2;233;169;152m[48;2;233;168;150m▀[38;2;233;170;152m[48;2;233;168;150m▀[38;2;233;170;152m[48;2;233;168;150m▀[38;2;233;170;152m[48;2;233;168;150m▀[38;2;233;168;151m[48;2;233;168;150m▀[38;2;233;167;149m[48;2;233;168;150m▀[38;2;231;162;143m[48;2;233;170;153m▀[38;2;235;172;156m[48;2;232;164;146m▀[38;2;254;238;233m[48;2;233;173;157m▀[38;2;255;255;255m[48;2;252;246;245m▀[38;2;254;253;253m[48;2;255;255;255m▀[38;2;255;255;255m[48;2;255;255;254m▀[38;2;255;255;255m[48;2;255;255;255m▀[38;2;255;255;255m[48;2;255;255;255m▀[38;2;255;255;255m[48;2;255;255;255m▀[38;2;255;255;255m[48;2;255;255;255m▀[38;2;255;255;255m[48;2;255;255;255m▀[38;2;255;255;255m[48;2;255;255;255m▀
[38;2;255;255;255m[48;2;255;255;255m▀[38;2;255;255;255m[48;2;255;255;255m▀[38;2;253;253;253m[48;2;253;253;253m▀[38;2;255;255;255m[48;2;255;255;255m▀[38;2;255;255;255m[48;2;255;255;255m▀[38;2;255;255;255m[48;2;255;255;255m▀[38;2;255;254;254m[48;2;255;254;253m▀[38;2;255;255;255m[48;2;255;255;255m▀[38;2;250;236;232m[48;2;245;215;207m▀[38;2;233;167;149m[48;2;231;163;144m▀[38;2;233;168;150m[48;2;233;169;151m▀[38;2;233;168;150m[48;2;233;168;150m▀[38;2;233;168;150m[48;2;233;168;150m▀[38;2;233;168;150m[48;2;233;168;150m▀[38;2;233;168;150m[48;2;233;168;150m▀[38;2;233;168;150m[48;2;233;168;150m▀[38;2;233;168;150m[48;2;233;168;150m▀[38;2;233;168;150m[48;2;233;168;150m▀[38;2;233;168;150m[48;2;233;168;150m▀[38;2;233;168;150m[48;2;233;168;150m▀[38;2;233;168;150m[48;2;233;168;150m▀[38;2;233;170;152m[48;2;233;169;151m▀[38;2;231;163;144m[48;2;232;163;144m▀[38;2;246;219;211m[48;2;241;198;187m▀[38;2;255;255;255m[48;2;255;255;255m▀[38;2;255;254;253m[48;2;255;254;254m▀[38;2;255;255;255m[48;2;255;255;255m▀[38;2;255;255;255m[48;2;255;255;255m▀[38;2;255;255;255m[48;2;255;255;255m▀[38;2;255;255;255m[48;2;255;255;255m▀[38;2;255;255;255m[48;2;255;255;255m▀[38;2;255;255;255m[48;2;255;255;255m▀
[38;2;255;255;255m[48;2;255;255;255m▀[38;2;255;255;255m[48;2;255;255;255m▀[38;2;253;253;253m[48;2;253;253;253m▀[38;2;255;255;255m[48;2;255;255;255m▀[38;2;255;255;255m[48;2;255;255;255m▀[38;2;255;255;255m[48;2;255;255;255m▀[38;2;255;254;254m[48;2;255;254;254m▀[38;2;255;255;255m[48;2;255;255;255m▀[38;2;242;203;192m[48;2;241;200;188m▀[38;2;232;162;143m[48;2;232;163;144m▀[38;2;233;169;152m[48;2;233;169;151m▀[38;2;233;168;150m[48;2;233;168;150m▀[38;2;233;168;150m[48;2;233;168;150m▀[38;2;233;168;150m[48;2;233;168;150m▀[38;2;233;168;150m[48;2;233;168;150m▀[38;2;233;168;150m[48;2;233;168;150m▀[38;2;233;168;150m[48;2;233;168;150m▀[38;2;233;168;150m[48;2;233;168;150m▀[38;2;233;168;150m[48;2;233;168;150m▀[38;2;233;168;150m[48;2;233;168;150m▀[38;2;233;168;150m[48;2;233;168;150m▀[38;2;233;169;151m[48;2;233;169;151m▀[38;2;232;165;146m[48;2;232;166;147m▀[38;2;238;186;172m[48;2;236;180;165m▀[38;2;255;254;254m[48;2;254;252;252m▀[38;2;255;255;255m[48;2;255;255;255m▀[38;2;255;255;255m[48;2;255;255;255m▀[38;2;255;255;255m[48;2;255;255;255m▀[38;2;255;255;255m[48;2;255;255;255m▀[38;2;255;255;255m[48;2;255;255;255m▀[38;2;255;255;255m[48;2;255;255;255m▀[38;2;255;255;255m[48;2;255;255;255m▀
[38;2;255;255;255m[48;2;255;255;255m▀[38;2;255;255;255m[48;2;255;255;255m▀[38;2;253;253;253m[48;2;253;253;253m▀[38;2;255;255;255m[48;2;255;255;255m▀[38;2;255;255;255m[48;2;255;255;255m▀[38;2;255;255;255m[48;2;255;255;255m▀[38;2;255;254;253m[48;2;255;254;254m▀[38;2;255;255;255m[48;2;255;255;255m▀[38;2;243;205;195m[48;2;250;236;232m▀[38;2;231;162;142m[48;2;233;168;150m▀[38;2;233;171;153m[48;2;232;163;145m▀[38;2;233;168;150m[48;2;233;169;151m▀[38;2;233;168;150m[48;2;233;169;151m▀[38;2;233;168;150m[48;2;233;168;150m▀[38;2;233;168;150m[48;2;233;168;150m▀[38;2;233;168;150m[48;2;233;168;150m▀[38;2;233;168;150m[48;2;233;168;150m▀[38;2;233;168;150m[48;2;233;168;150m▀[38;2;233;168;150m[48;2;233;168;150m▀[38;2;233;168;150m[48;2;233;168;150m▀[38;2;233;168;150m[48;2;233;169;151m▀[38;2;233;170;152m[48;2;232;165;147m▀[38;2;232;164;146m[48;2;231;162;142m▀[38;2;238;187;173m[48;2;246;221;214m▀[38;2;255;255;255m[48;2;255;255;255m▀[38;2;255;255;255m[48;2;255;254;254m▀[38;2;255;255;255m[48;2;255;255;255m▀[38;2;255;255;255m[48;2;255;255;255m▀[38;2;255;255;255m[48;2;255;255;255m▀[38;2;255;255;255m[48;2;255;255;255m▀[38;2;255;255;255m[48;2;255;255;255m▀[38;2;255;255;255m[48;2;255;255;255m▀
[38;2;255;255;255m[48;2;255;255;255m▀[38;2;255;255;255m[48;2;255;255;255m▀[38;2;251;251;251m[48;2;251;251;251m▀[38;2;255;255;255m[48;2;255;255;255m▀[38;2;255;255;255m[48;2;255;255;255m▀[38;2;255;255;255m[48;2;255;255;255m▀[38;2;255;255;255m[48;2;255;255;255m▀[38;2;255;255;254m[48;2;255;255;255m▀[38;2;255;255;255m[48;2;255;254;254m▀[38;2;249;231;226m[48;2;255;255;255m▀[38;2;238;186;171m[48;2;255;255;255m▀[38;2;233;166;147m[48;2;248;229;223m▀[38;2;232;166;148m[48;2;235;175;158m▀[38;2;233;169;152m[48;2;231;162;142m▀[38;2;233;168;151m[48;2;233;166;147m▀[38;2;233;168;150m[48;2;233;167;148m▀[38;2;233;168;150m[48;2;233;167;149m▀[38;2;233;168;151m[48;2;233;166;148m▀[38;2;233;169;152m[48;2;231;163;144m▀[38;2;233;168;150m[48;2;233;167;149m▀[38;2;232;165;146m[48;2;245;216;208m▀[38;2;237;183;168m[48;2;255;255;255m▀[38;2;246;222;215m[48;2;255;255;255m▀[38;2;255;255;255m[48;2;255;255;254m▀[38;2;255;255;255m[48;2;255;255;255m▀[38;2;255;255;255m[48;2;255;255;255m▀[38;2;255;255;255m[48;2;255;255;255m▀[38;2;255;255;255m[48;2;255;255;255m▀[38;2;255;255;255m[48;2;255;255;255m▀[38;2;254;254;254m[48;2;251;251;251m▀[38;2;255;255;255m[48;2;255;255;255m▀[38;2;255;255;255m[48;2;255;255;255m▀
[0m [38;2;231;231;231m[48;2;98;98;98m▀[38;2;255;255;255m[48;2;255;255;255m▀[38;2;253;253;253m[48;2;253;253;253m▀[38;2;255;255;255m[48;2;251;251;251m▀[38;2;255;255;255m[48;2;254;254;254m▀[38;2;255;255;255m[48;2;255;255;255m▀[38;2;255;255;255m[48;2;255;255;255m▀[38;2;255;255;255m[48;2;255;255;255m▀[38;2;255;255;254m[48;2;255;255;255m▀[38;2;255;255;254m[48;2;255;255;255m▀[38;2;255;255;255m[48;2;255;254;254m▀[38;2;252;243;241m[48;2;255;255;255m▀[38;2;243;206;196m[48;2;255;255;255m▀[38;2;237;181;165m[48;2;255;253;253m▀[38;2;234;173;156m[48;2;254;250;249m▀[38;2;234;172;155m[48;2;253;248;247m▀[38;2;236;178;162m[48;2;254;252;252m▀[38;2;241;198;186m[48;2;255;255;255m▀[38;2;250;235;231m[48;2;255;255;255m▀[38;2;255;255;255m[48;2;255;254;254m▀[38;2;255;255;254m[48;2;255;255;255m▀[38;2;255;254;254m[48;2;255;255;255m▀[38;2;255;255;255m[48;2;255;255;255m▀[38;2;255;255;255m[48;2;255;255;255m▀[38;2;255;255;255m[48;2;255;255;255m▀[38;2;255;255;255m[48;2;255;255;255m▀[38;2;255;255;255m[48;2;251;251;251m▀[38;2;254;254;254m[48;2;251;251;251m▀[38;2;251;251;251m[48;2;255;255;255m▀[38;2;255;255;255m[48;2;152;152;152m▀[38;2;255;255;255m[48;2;255;255;255m▀
[0m [0m [38;2;255;255;255m[48;2;255;255;255m▀[38;2;255;255;255m[48;2;255;255;255m▀[38;2;255;255;255m[48;2;255;255;255m▀[38;2;255;255;255m[48;2;255;255;255m▀[38;2;255;255;255m[48;2;255;255;255m▀[38;2;255;255;255m[48;2;255;255;255m▀[38;2;255;255;255m[48;2;255;255;255m▀[38;2;255;255;255m[48;2;255;255;255m▀[38;2;255;255;255m[48;2;255;255;255m▀[38;2;255;255;255m[48;2;255;255;255m▀[38;2;255;255;255m[48;2;255;255;255m▀[38;2;255;255;255m[48;2;255;255;255m▀[38;2;255;255;255m[48;2;255;255;255m▀[38;2;255;255;255m[48;2;255;255;255m▀[38;2;255;255;255m[48;2;255;255;255m▀[38;2;255;255;255m[48;2;255;255;255m▀[38;2;255;255;255m[48;2;255;255;255m▀[38;2;255;255;255m[48;2;255;255;255m▀[38;2;255;255;255m[48;2;255;255;255m▀[38;2;255;255;255m[48;2;255;255;255m▀[38;2;255;255;255m[48;2;255;255;255m▀[38;2;255;255;255m[48;2;255;255;255m▀[38;2;255;255;255m[48;2;255;255;255m▀[38;2;255;255;255m[48;2;255;255;255m▀[38;2;255;255;255m[48;2;255;255;255m▀[38;2;255;255;255m[48;2;255;255;255m▀[38;2;255;255;255m[48;2;255;255;255m▀[38;2;255;255;255m[48;2;255;255;255m▀[0m [0m 
>>>>>>> Stashed changes

 [0m [0m [0m[38;2;255;255;255m▄[0m[38;2;255;255;255m▄[38;2;255;255;255m[48;2;255;255;255m▀[38;2;255;255;255m[48;2;255;255;255m▀[38;2;255;255;255m[48;2;255;255;255m▀[38;2;255;255;255m[48;2;255;255;255m▀[38;2;255;255;255m[48;2;255;255;255m▀[38;2;255;255;255m[48;2;255;255;255m▀[38;2;255;255;255m[48;2;255;255;255m▀[38;2;255;255;255m[48;2;255;255;255m▀[38;2;255;255;255m[48;2;255;255;255m▀[38;2;255;255;255m[48;2;255;255;255m▀[38;2;255;255;255m[48;2;255;255;255m▀[38;2;255;255;255m[48;2;255;255;255m▀[38;2;255;255;255m[48;2;255;255;255m▀[38;2;255;255;255m[48;2;255;255;255m▀[38;2;255;255;255m[48;2;255;255;255m▀[38;2;255;255;255m[48;2;255;255;255m▀[0m[38;2;255;255;255m▄[0m[38;2;254;254;254m▄[0m [0m [0m
 [0m [38;2;254;254;254m[48;2;255;255;255m▀[38;2;255;255;255m[48;2;250;250;250m▀[38;2;255;255;255m[48;2;253;253;253m▀[38;2;250;250;250m[48;2;255;255;255m▀[38;2;253;253;253m[48;2;254;254;254m▀[38;2;255;255;255m[48;2;252;252;252m▀[38;2;255;255;255m[48;2;227;227;227m▀[38;2;255;255;255m[48;2;183;183;183m▀[38;2;255;255;255m[48;2;165;165;165m▀[38;2;255;255;255m[48;2;82;82;82m▀[38;2;255;255;255m[48;2;125;125;125m▀[38;2;255;255;255m[48;2;250;250;250m▀[38;2;253;253;253m[48;2;255;255;255m▀[38;2;255;255;255m[48;2;201;201;201m▀[38;2;255;255;255m[48;2;130;130;130m▀[38;2;255;255;255m[48;2;160;160;160m▀[38;2;255;255;255m[48;2;249;249;249m▀[38;2;255;255;255m[48;2;252;252;252m▀[38;2;250;250;250m[48;2;255;255;255m▀[38;2;255;255;255m[48;2;255;255;255m▀[38;2;255;255;255m[48;2;249;249;249m▀[38;2;255;255;255m[48;2;255;255;255m▀[0m [0m
 [38;2;253;253;253m[48;2;245;245;245m▀[38;2;142;142;142m[48;2;41;41;41m▀[38;2;35;35;35m[48;2;1;1;1m▀[38;2;39;39;39m[48;2;0;0;0m▀[38;2;124;124;124m[48;2;0;0;0m▀[38;2;255;255;255m[48;2;75;75;75m▀[38;2;255;255;255m[48;2;157;157;157m▀[38;2;49;49;49m[48;2;4;4;4m▀[38;2;0;0;0m[48;2;3;3;3m▀[38;2;0;0;0m[48;2;7;7;7m▀[38;2;0;0;0m[48;2;0;0;0m▀[38;2;0;0;0m[48;2;28;28;28m▀[38;2;221;221;221m[48;2;246;246;246m▀[38;2;230;230;230m[48;2;222;222;222m▀[38;2;3;3;3m[48;2;0;0;0m▀[38;2;0;0;0m[48;2;7;7;7m▀[38;2;0;0;0m[48;2;3;3;3m▀[38;2;231;231;231m[48;2;135;135;135m▀[38;2;255;255;255m[48;2;108;108;108m▀[38;2;151;151;151m[48;2;0;0;0m▀[38;2;47;47;47m[48;2;0;0;0m▀[38;2;35;35;35m[48;2;0;0;0m▀[38;2;125;125;125m[48;2;41;41;41m▀[38;2;252;252;252m[48;2;238;238;238m▀[0m
 [38;2;251;251;251m[48;2;255;255;255m▀[38;2;52;52;52m[48;2;201;201;201m▀[38;2;1;1;1m[48;2;2;2;2m▀[38;2;8;8;8m[48;2;0;0;0m▀[38;2;6;6;6m[48;2;0;0;0m▀[38;2;0;0;0m[48;2;0;0;0m▀[38;2;0;0;0m[48;2;4;4;4m▀[38;2;1;1;1m[48;2;2;2;2m▀[38;2;3;3;3m[48;2;1;1;1m▀[38;2;1;1;1m[48;2;8;8;8m▀[38;2;40;40;40m[48;2;215;215;215m▀[38;2;204;204;204m[48;2;255;255;255m▀[38;2;255;255;255m[48;2;125;125;125m▀[38;2;113;113;113m[48;2;0;0;0m▀[38;2;1;1;1m[48;2;4;4;4m▀[38;2;3;3;3m[48;2;1;1;1m▀[38;2;1;1;1m[48;2;1;1;1m▀[38;2;0;0;0m[48;2;4;4;4m▀[38;2;0;0;0m[48;2;0;0;0m▀[38;2;5;5;5m[48;2;0;0;0m▀[38;2;6;6;6m[48;2;0;0;0m▀[38;2;4;4;4m[48;2;0;0;0m▀[38;2;18;18;18m[48;2;158;158;158m▀[38;2;223;223;223m[48;2;255;255;255m▀[0m
 [38;2;250;250;250m[48;2;255;255;255m▀[38;2;255;255;255m[48;2;253;253;253m▀[38;2;178;178;178m[48;2;255;255;255m▀[38;2;45;45;45m[48;2;254;254;254m▀[38;2;35;35;35m[48;2;249;249;249m▀[38;2;49;49;49m[48;2;252;252;252m▀[38;2;1;1;1m[48;2;29;29;29m▀[38;2;2;2;2m[48;2;0;0;0m▀[38;2;0;0;0m[48;2;7;7;7m▀[38;2;10;10;10m[48;2;0;0;0m▀[38;2;225;225;225m[48;2;169;169;169m▀[38;2;253;253;253m[48;2;255;255;255m▀[38;2;56;56;56m[48;2;137;137;137m▀[38;2;2;2;2m[48;2;0;0;0m▀[38;2;8;8;8m[48;2;0;0;0m▀[38;2;2;2;2m[48;2;0;0;0m▀[38;2;2;2;2m[48;2;1;1;1m▀[38;2;0;0;0m[48;2;7;7;7m▀[38;2;42;42;42m[48;2;226;226;226m▀[38;2;38;38;38m[48;2;250;250;250m▀[38;2;34;34;34m[48;2;248;248;248m▀[38;2;145;145;145m[48;2;255;255;255m▀[38;2;255;255;255m[48;2;254;254;254m▀[38;2;251;251;251m[48;2;255;255;255m▀[0m
 [38;2;255;255;255m[48;2;255;255;255m▀[38;2;255;255;255m[48;2;255;255;255m▀[38;2;251;251;251m[48;2;255;255;255m▀[38;2;254;254;254m[48;2;254;254;254m▀[38;2;255;255;255m[48;2;254;254;254m▀[38;2;247;247;247m[48;2;247;247;247m▀[38;2;34;34;34m[48;2;18;18;18m▀[38;2;4;4;4m[48;2;0;0;0m▀[38;2;0;0;0m[48;2;18;18;18m▀[38;2;0;0;0m[48;2;167;171;172m▀[38;2;202;201;200m[48;2;255;255;255m▀[38;2;254;254;253m[48;2;255;255;255m▀[38;2;255;255;255m[48;2;255;255;255m▀[38;2;199;198;198m[48;2;255;255;255m▀[38;2;141;140;140m[48;2;255;255;255m▀[38;2;25;25;25m[48;2;180;181;181m▀[38;2;2;2;2m[48;2;0;0;0m▀[38;2;9;9;9m[48;2;0;0;0m▀[38;2;223;223;223m[48;2;201;201;201m▀[38;2;255;255;255m[48;2;254;254;254m▀[38;2;255;255;255m[48;2;252;252;252m▀[38;2;252;252;252m[48;2;255;255;255m▀[38;2;255;255;255m[48;2;255;255;255m▀[38;2;255;255;255m[48;2;255;255;255m▀[0m
 [38;2;255;255;255m[48;2;255;255;255m▀[38;2;255;255;255m[48;2;255;255;255m▀[38;2;255;255;255m[48;2;255;255;255m▀[38;2;255;255;255m[48;2;255;255;255m▀[38;2;253;253;253m[48;2;255;255;255m▀[38;2;255;255;255m[48;2;255;254;254m▀[38;2;154;153;153m[48;2;255;255;255m▀[38;2;111;113;114m[48;2;255;255;253m▀[38;2;223;223;223m[48;2;243;189;174m▀[38;2;255;242;237m[48;2;229;161;142m▀[38;2;242;207;198m[48;2;231;162;143m▀[38;2;241;200;189m[48;2;232;162;143m▀[38;2;241;199;188m[48;2;232;162;143m▀[38;2;240;204;193m[48;2;231;162;143m▀[38;2;242;220;214m[48;2;231;162;143m▀[38;2;255;255;254m[48;2;235;177;161m▀[38;2;90;93;94m[48;2;251;232;227m▀[38;2;39;38;38m[48;2;252;253;253m▀[38;2;231;231;231m[48;2;255;255;255m▀[38;2;255;255;255m[48;2;255;255;255m▀[38;2;254;254;254m[48;2;255;255;255m▀[38;2;255;255;255m[48;2;255;255;255m▀[38;2;255;255;255m[48;2;255;255;255m▀[38;2;255;255;255m[48;2;255;255;255m▀[0m
 [38;2;255;255;255m[48;2;255;255;255m▀[38;2;255;255;255m[48;2;255;255;255m▀[38;2;255;255;255m[48;2;255;255;255m▀[38;2;255;255;255m[48;2;255;255;255m▀[38;2;255;255;255m[48;2;255;254;253m▀[38;2;255;255;254m[48;2;255;255;255m▀[38;2;250;244;243m[48;2;246;218;210m▀[38;2;231;172;156m[48;2;231;161;141m▀[38;2;230;161;141m[48;2;233;170;153m▀[38;2;233;169;152m[48;2;233;168;150m▀[38;2;233;169;152m[48;2;233;168;150m▀[38;2;233;169;152m[48;2;233;168;150m▀[38;2;233;169;152m[48;2;233;168;150m▀[38;2;233;169;152m[48;2;233;168;150m▀[38;2;233;170;152m[48;2;233;168;150m▀[38;2;232;164;146m[48;2;233;170;153m▀[38;2;232;166;148m[48;2;231;161;142m▀[38;2;252;240;237m[48;2;241;203;192m▀[38;2;254;254;254m[48;2;255;255;255m▀[38;2;255;254;254m[48;2;255;254;253m▀[38;2;255;255;255m[48;2;255;255;255m▀[38;2;255;255;255m[48;2;255;255;255m▀[38;2;255;255;255m[48;2;255;255;255m▀[38;2;255;255;255m[48;2;255;255;255m▀[0m
 [38;2;255;255;255m[48;2;255;255;255m▀[38;2;255;255;255m[48;2;255;255;255m▀[38;2;255;255;255m[48;2;255;255;255m▀[38;2;255;255;255m[48;2;255;255;255m▀[38;2;255;254;254m[48;2;255;254;254m▀[38;2;255;255;255m[48;2;255;255;255m▀[38;2;241;198;186m[48;2;239;191;177m▀[38;2;232;163;144m[48;2;232;164;145m▀[38;2;233;169;151m[48;2;233;169;151m▀[38;2;233;168;150m[48;2;233;168;150m▀[38;2;233;168;150m[48;2;233;168;150m▀[38;2;233;168;150m[48;2;233;168;150m▀[38;2;233;168;150m[48;2;233;168;150m▀[38;2;233;168;150m[48;2;233;168;150m▀[38;2;233;168;150m[48;2;233;168;150m▀[38;2;233;169;151m[48;2;233;169;151m▀[38;2;232;164;146m[48;2;232;166;148m▀[38;2;237;186;171m[48;2;236;178;162m▀[38;2;255;255;255m[48;2;254;253;253m▀[38;2;255;255;255m[48;2;255;255;255m▀[38;2;255;255;255m[48;2;255;255;255m▀[38;2;255;255;255m[48;2;255;255;255m▀[38;2;255;255;255m[48;2;255;255;255m▀[38;2;255;255;255m[48;2;255;255;255m▀[0m
 [38;2;255;255;255m[48;2;255;255;255m▀[38;2;255;255;255m[48;2;255;255;255m▀[38;2;255;255;255m[48;2;255;255;255m▀[38;2;255;255;255m[48;2;255;255;255m▀[38;2;255;254;253m[48;2;255;254;254m▀[38;2;255;255;255m[48;2;255;255;255m▀[38;2;241;198;187m[48;2;251;241;238m▀[38;2;231;160;140m[48;2;236;178;162m▀[38;2;233;170;153m[48;2;231;162;143m▀[38;2;233;168;150m[48;2;233;167;149m▀[38;2;233;168;150m[48;2;233;170;152m▀[38;2;233;168;150m[48;2;233;169;151m▀[38;2;233;168;150m[48;2;233;169;151m▀[38;2;233;168;150m[48;2;233;170;152m▀[38;2;233;168;150m[48;2;233;168;150m▀[38;2;233;170;153m[48;2;232;163;144m▀[38;2;231;162;142m[48;2;234;173;156m▀[38;2;237;184;170m[48;2;249;232;227m▀[38;2;255;255;255m[48;2;255;255;255m▀[38;2;255;255;254m[48;2;255;254;254m▀[38;2;255;255;255m[48;2;255;255;255m▀[38;2;255;255;255m[48;2;255;255;255m▀[38;2;255;255;255m[48;2;255;255;255m▀[38;2;255;255;255m[48;2;255;255;255m▀[0m
 [0m [38;2;255;255;255m[48;2;255;255;255m▀[38;2;255;255;255m[48;2;255;255;255m▀[38;2;255;255;255m[48;2;255;255;255m▀[38;2;255;255;255m[48;2;255;255;255m▀[38;2;255;255;255m[48;2;255;255;255m▀[38;2;255;255;255m[48;2;255;254;254m▀[38;2;254;251;250m[48;2;255;255;255m▀[38;2;246;219;211m[48;2;255;255;255m▀[38;2;233;170;152m[48;2;251;241;238m▀[38;2;231;161;142m[48;2;242;205;195m▀[38;2;232;164;145m[48;2;238;190;177m▀[38;2;232;164;145m[48;2;238;189;176m▀[38;2;231;162;143m[48;2;241;201;189m▀[38;2;232;165;146m[48;2;250;234;230m▀[38;2;244;210;201m[48;2;255;255;255m▀[38;2;254;250;248m[48;2;255;255;255m▀[38;2;255;255;255m[48;2;255;254;254m▀[38;2;255;255;255m[48;2;255;255;255m▀[38;2;255;255;255m[48;2;255;255;255m▀[38;2;255;255;255m[48;2;255;255;255m▀[38;2;255;255;255m[48;2;255;255;255m▀[38;2;255;255;255m[48;2;255;255;255m▀[0m [0m
 [0m [0m [0m[38;2;255;255;255m▀[0m[38;2;255;255;255m▀[38;2;255;255;255m[48;2;255;255;255m▀[38;2;255;255;255m[48;2;255;255;255m▀[38;2;255;255;255m[48;2;255;255;255m▀[38;2;255;255;255m[48;2;255;255;255m▀[38;2;255;254;254m[48;2;255;255;255m▀[38;2;255;255;255m[48;2;255;253;253m▀[38;2;255;255;255m[48;2;255;252;252m▀[38;2;255;255;255m[48;2;255;253;253m▀[38;2;255;255;255m[48;2;255;253;253m▀[38;2;255;255;255m[48;2;255;253;252m▀[38;2;255;255;255m[48;2;255;253;253m▀[38;2;255;254;254m[48;2;255;255;255m▀[38;2;255;255;255m[48;2;255;255;255m▀[38;2;255;255;255m[48;2;255;255;255m▀[38;2;255;255;255m[48;2;255;255;255m▀[38;2;255;255;255m[48;2;255;255;255m▀[0m[38;2;255;255;255m▀[0m[38;2;255;255;255m▀[0m [0m [0m[0m[0m
 [0m
[38;2;255;150;150m└─[0m [38;2;255;150;150mlistening on [1;4mhttp://localhost:8080[0m

